Rendering took 60.74070930480957 milliseconds
0.01
0.01
0.01
0.01
0.01
0.01
0.01
0.01
0.01
0.01
0.01
0.01
0.01
0.01
0.01
0.01
0.01
0.01
0.01
0.01
0.01
0.01
0.01
0.01
0.01
0.01
0.01
0.01
0.01
0.01
0.01
0.01
0.01
0.01
0.01
0.01
0.01
0.01
0.01
0.01
0.01
0.01
0.01
0.01
0.01
0.01
0.01
0.01
0.01
0.01
0.01
0.01
0.01
0.01
0.01
0.01
0.01
0.01
0.01
0.01
0.01
0.01
0.01
0.01
0.01
0.01
0.01
0.01
0.01
0.01
0.01
0.01
0.01
0.01
0.01
0.01
0.01
0.01
0.01
0.01
0.01
0.01
0.01
0.01
0.01
0.01
0.01
0.01
0.01
0.01
0.01
0.01
0.01
0.01
0.01
0.01
0.01
0.01
0.01
0.01
0.01
0.01
0.01
0.01
0.01
0.01
0.01
0.01
0.01
0.01
0.01
0.01
0.01
0.01
0.01
0.01
0.01
0.01
0.01
0.01
0.01
0.01
0.01
0.01
0.01
0.01
0.01
0.01
0.01
0.01
0.01
0.01
0.01
0.01
0.01
0.01
0.01
0.01
0.01
0.01
0.01
0.01
0.01
0.01
0.01
0.01
0.01
0.01
0.01
0.01
0.01
0.01
0.01
0.01
0.01
0.01
0.01
0.01
0.01
0.01
0.01
0.01
0.01
0.01
0.01
0.01
0.01
0.01
0.01
0.01
0.01
0.01
0.01
0.01
0.01
0.01
0.01
0.01
0.01
0.01
0.01
0.01
0.01
0.01
0.01
0.01
0.01
0.01
0.01
0.01
0.01
0.01
0.01
0.01
0.01
0.01
0.01
0.01
0.01
0.01
0.01
0.01
0.01
0.01
0.01
0.01
0.01
0.01
0.01
0.01
0.01
0.01
0.01
0.01
0.01
0.01
0.01
0.01
0.01
0.01
0.01
0.01
0.01
0.01
0.01
0.01
0.01
0.01
0.01
0.01
0.01
0.01
0.01
0.01
0.01
0.01
0.01
0.01
0.01
0.01
0.01
0.01
0.01
0.01
0.01
0.01
0.01
0.01
0.01
0.01
0.01
0.01
0.01
0.01
0.01
0.01
0.01
0.01
0.01
0.01
0.01
0.01
0.01
0.01
0.01
0.01
0.01
0.01
0.01
0.01
0.01
0.01
0.01
0.01
0.01
0.01
0.01
0.01
0.01
0.01
0.01
0.01
0.01
0.01
0.01
0.01
0.01
0.01
0.01
0.01
0.01
0.01
0.01
0.01
0.01
0.01
0.01
0.01
0.01
0.01
0.01
0.01
0.01
0.01
0.01
0.01
0.01
0.01
0.01
0.01
0.01
0.01
0.01
0.01
0.01
0.01
0.01
0.01
0.01
0.01
4.009999999999959
4.009999999999959
4.009999999999959
4.009999999999959
4.009999999999959
4.009999999999959
4.009999999999959
4.009999999999959
4.009999999999959
4.009999999999959
4.009999999999959
4.009999999999959
4.009999999999959
4.009999999999959
4.009999999999959
4.009999999999959
4.009999999999959
4.009999999999959
4.009999999999959
4.009999999999959
4.009999999999959
4.009999999999959
4.009999999999959
4.009999999999959
4.009999999999959
4.009999999999959
4.009999999999959
4.009999999999959
4.009999999999959
4.009999999999959
4.009999999999959
4.009999999999959
4.009999999999959
4.009999999999959
4.009999999999959
4.009999999999959
4.009999999999959
4.009999999999959
4.009999999999959
4.009999999999959
4.009999999999959
4.009999999999959
4.009999999999959
4.009999999999959
4.009999999999959
4.009999999999959
4.019999999999959
4.019999999999959
4.019999999999959
4.019999999999959
4.019999999999959
4.019999999999959
4.019999999999959
4.019999999999959
4.019999999999959
4.019999999999959
4.019999999999959
4.019999999999959
4.019999999999959
4.019999999999959
4.019999999999959
4.019999999999959
4.019999999999959
4.019999999999959
4.0299999999999585
4.0299999999999585
4.0299999999999585
4.0299999999999585
4.0299999999999585
4.0299999999999585
4.0299999999999585
4.0299999999999585
4.0299999999999585
4.0299999999999585
4.0299999999999585
4.0299999999999585
4.0299999999999585
4.0299999999999585
4.0299999999999585
4.039999999999958
4.039999999999958
4.039999999999958
4.039999999999958
4.039999999999958
4.039999999999958
4.039999999999958
4.039999999999958
4.039999999999958
4.039999999999958
4.039999999999958
4.039999999999958
4.049999999999958
4.049999999999958
4.049999999999958
4.049999999999958
4.049999999999958
4.049999999999958
4.049999999999958
4.049999999999958
4.049999999999958
4.049999999999958
4.059999999999958
4.059999999999958
4.059999999999958
4.059999999999958
4.059999999999958
4.059999999999958
4.059999999999958
4.059999999999958
4.059999999999958
4.059999999999958
4.069999999999958
4.069999999999958
4.069999999999958
4.069999999999958
4.069999999999958
4.069999999999958
4.069999999999958
4.069999999999958
4.079999999999957
4.079999999999957
4.079999999999957
4.079999999999957
4.079999999999957
4.079999999999957
4.079999999999957
4.079999999999957
4.089999999999957
4.089999999999957
4.089999999999957
4.089999999999957
4.089999999999957
4.089999999999957
4.089999999999957
4.089999999999957
4.099999999999957
4.099999999999957
4.099999999999957
4.099999999999957
4.099999999999957
4.099999999999957
4.099999999999957
4.109999999999957
4.109999999999957
4.109999999999957
4.109999999999957
4.109999999999957
4.109999999999957
4.109999999999957
4.119999999999957
4.119999999999957
4.119999999999957
4.119999999999957
4.119999999999957
4.119999999999957
4.129999999999956
4.129999999999956
4.129999999999956
4.129999999999956
4.129999999999956
4.129999999999956
4.129999999999956
4.139999999999956
4.139999999999956
4.139999999999956
4.139999999999956
4.139999999999956
4.149999999999956
4.149999999999956
4.149999999999956
4.149999999999956
4.149999999999956
4.149999999999956
4.159999999999956
4.159999999999956
4.159999999999956
4.159999999999956
4.159999999999956
4.159999999999956
4.1699999999999555
4.1699999999999555
4.1699999999999555
4.1699999999999555
4.1699999999999555
4.179999999999955
4.179999999999955
4.179999999999955
4.179999999999955
4.179999999999955
4.189999999999955
4.189999999999955
4.189999999999955
4.189999999999955
4.189999999999955
4.199999999999955
4.199999999999955
4.199999999999955
4.199999999999955
4.199999999999955
4.209999999999955
4.209999999999955
4.209999999999955
4.209999999999955
4.2199999999999545
4.2199999999999545
4.2199999999999545
4.2199999999999545
3.149999999999977
3.139999999999977
3.1199999999999775
3.1099999999999777
3.089999999999978
3.0799999999999783
3.0699999999999785
3.049999999999979
3.039999999999979
3.0199999999999796
3.00999999999998
2.99999999999998
2.9899999999999802
2.9699999999999807
2.959999999999981
2.949999999999981
2.9299999999999815
2.9199999999999817
2.909999999999982
2.899999999999982
2.8799999999999826
2.869999999999983
2.859999999999983
2.849999999999983
2.8399999999999834
2.819999999999984
2.809999999999984
2.7999999999999843
2.7899999999999845
2.7799999999999847
2.769999999999985
2.759999999999985
2.7499999999999853
2.7399999999999856
2.719999999999986
2.709999999999986
2.6999999999999864
2.6899999999999866
2.679999999999987
2.669999999999987
2.6599999999999873
2.6499999999999875
2.6399999999999877
2.629999999999988
2.619999999999988
2.6099999999999883
2.5999999999999885
2.5899999999999888
2.579999999999989
2.569999999999989
2.5599999999999894
2.5499999999999896
2.53999999999999
2.53999999999999
2.52999999999999
2.5199999999999902
2.5099999999999905
2.4999999999999907
2.489999999999991
2.479999999999991
2.4699999999999913
2.4599999999999915
2.4599999999999915
2.4499999999999917
2.439999999999992
2.429999999999992
2.4199999999999924
2.4099999999999926
2.4099999999999926
2.399999999999993
2.389999999999993
2.3799999999999932
2.3699999999999934
2.3699999999999934
2.3599999999999937
2.349999999999994
2.339999999999994
2.3299999999999943
2.3299999999999943
2.3199999999999945
2.3099999999999947
2.299999999999995
2.299999999999995
2.289999999999995
2.2799999999999954
2.2699999999999956
2.2699999999999956
2.259999999999996
2.249999999999996
2.249999999999996
2.239999999999996
2.239999999999996
2.249999999999996
2.249999999999996
2.249999999999996
2.249999999999996
2.249999999999996
2.249999999999996
2.259999999999996
2.259999999999996
2.259999999999996
2.259999999999996
2.259999999999996
2.259999999999996
2.2699999999999956
2.2699999999999956
2.2699999999999956
2.2699999999999956
2.2699999999999956
2.2799999999999954
2.2799999999999954
2.2799999999999954
2.2799999999999954
