Rendering took 8.726119995117188 milliseconds
0.01
0.01
0.01
0.01
0.01
0.01
0.01
0.01
0.01
0.01
0.01
0.01
0.01
0.01
0.01
0.01
0.01
0.01
0.01
0.01
0.01
0.01
0.01
0.01
0.01
0.01
0.01
0.01
0.01
0.01
0.01
0.01
0.01
0.01
0.01
0.01
0.01
0.01
0.01
0.01
0.01
0.01
0.01
0.01
0.01
0.01
0.01
0.01
0.01
0.01
0.01
0.01
0.01
0.01
0.01
0.01
0.01
0.01
0.01
0.01
0.01
0.01
0.01
0.01
0.01
0.01
0.01
0.01
0.01
0.01
0.01
0.01
0.01
0.01
0.01
0.01
0.01
0.01
0.01
0.01
0.01
0.01
0.01
0.01
0.01
0.01
0.01
0.01
0.01
0.01
0.01
0.01
0.01
0.01
0.01
0.01
0.01
0.01
0.01
0.01
0.01
0.01
0.01
0.01
0.01
0.01
0.01
0.01
0.01
0.01
0.01
0.01
0.01
0.01
0.01
0.01
0.01
0.01
0.01
0.01
0.01
0.01
0.01
0.01
0.01
0.01
0.01
0.01
0.01
0.01
0.01
0.01
0.01
0.01
0.01
0.01
0.01
0.01
0.01
0.01
0.01
0.01
0.01
0.01
0.01
0.01
0.01
0.01
0.01
0.01
0.01
0.01
0.01
0.01
0.01
0.01
0.01
0.01
0.01
0.01
0.01
0.01
0.01
0.01
0.01
0.01
0.01
0.01
0.01
0.01
0.01
0.01
0.01
0.01
0.01
0.01
0.01
0.01
0.01
0.01
0.01
0.01
0.01
0.01
0.01
0.01
0.01
0.01
0.01
0.01
0.01
0.01
0.01
0.01
0.01
0.01
0.01
0.01
0.01
0.01
0.01
0.01
0.01
0.01
0.01
0.01
0.01
0.01
0.01
0.01
0.01
0.01
0.01
0.01
0.01
0.01
0.01
0.01
0.01
0.01
0.01
0.01
0.01
0.01
0.01
0.01
0.01
0.01
0.01
0.01
0.01
0.01
0.01
0.01
0.01
0.01
0.01
0.01
0.01
0.01
0.01
0.01
0.01
0.01
0.01
0.01
0.01
0.01
0.01
0.01
0.01
0.01
0.01
0.01
0.01
0.01
0.01
0.01
0.01
0.01
0.01
0.01
0.01
0.01
0.01
0.01
0.01
0.01
0.01
0.01
0.01
0.01
0.01
0.01
0.01
0.01
0.01
0.01
0.01
0.01
0.01
0.01
0.01
0.01
0.01
0.01
0.01
0.01
0.01
0.01
0.01
0.01
0.01
0.01
0.01
0.01
0.01
0.01
0.01
0.01
0.01
0.01
0.01
0.01
0.01
0.01
0.01
0.01
0.01
0.01
0.01
0.01
0.01
0.01
0.01
0.01
0.01
0.01
0.01
0.01
4
4.01
4.01
4.01
4.01
4.01
4.01
4.01
4.01
4.01
4.01
4.01
4.01
4.01
4.01
4.01
4.01
4.01
4.01
4.01
4.01
4.01
4.01
4.01
4.01
4.01
4.01
4.01
4.01
4.01
4.01
4.01
4.01
4.01
4.01
4.01
4.01
4.01
4.01
4.01
4.01
4.01
4.01
4.01
4.01
4.01
4.02
4.02
4.02
4.02
4.02
4.02
4.02
4.02
4.02
4.02
4.02
4.02
4.02
4.02
4.02
4.02
4.02
4.02
4.029999999999999
4.029999999999999
4.029999999999999
4.029999999999999
4.029999999999999
4.029999999999999
4.029999999999999
4.029999999999999
4.029999999999999
4.029999999999999
4.029999999999999
4.029999999999999
4.029999999999999
4.029999999999999
4.029999999999999
4.039999999999999
4.039999999999999
4.039999999999999
4.039999999999999
4.039999999999999
4.039999999999999
4.039999999999999
4.039999999999999
4.039999999999999
4.039999999999999
4.039999999999999
4.039999999999999
4.049999999999999
4.049999999999999
4.049999999999999
4.049999999999999
4.049999999999999
4.049999999999999
4.049999999999999
4.049999999999999
4.049999999999999
4.049999999999999
4.059999999999999
4.059999999999999
4.059999999999999
4.059999999999999
4.059999999999999
4.059999999999999
4.059999999999999
4.059999999999999
4.059999999999999
4.059999999999999
4.0699999999999985
4.0699999999999985
4.0699999999999985
4.0699999999999985
4.0699999999999985
4.0699999999999985
4.0699999999999985
4.0699999999999985
4.079999999999998
4.079999999999998
4.079999999999998
4.079999999999998
4.079999999999998
4.079999999999998
4.079999999999998
4.079999999999998
4.089999999999998
4.089999999999998
4.089999999999998
4.089999999999998
4.089999999999998
4.089999999999998
4.089999999999998
4.089999999999998
4.099999999999998
4.099999999999998
4.099999999999998
4.099999999999998
4.099999999999998
4.099999999999998
4.099999999999998
4.109999999999998
4.109999999999998
4.109999999999998
4.109999999999998
4.109999999999998
4.109999999999998
4.109999999999998
4.119999999999997
4.119999999999997
4.119999999999997
4.119999999999997
4.119999999999997
4.119999999999997
4.129999999999997
4.129999999999997
4.129999999999997
4.129999999999997
4.129999999999997
4.129999999999997
4.129999999999997
4.139999999999997
4.139999999999997
4.139999999999997
4.139999999999997
4.139999999999997
4.149999999999997
4.149999999999997
4.149999999999997
4.149999999999997
4.149999999999997
4.149999999999997
4.159999999999997
4.159999999999997
4.159999999999997
4.159999999999997
4.159999999999997
4.159999999999997
4.169999999999996
4.169999999999996
4.169999999999996
4.169999999999996
4.169999999999996
4.179999999999996
4.179999999999996
4.179999999999996
4.179999999999996
4.179999999999996
4.189999999999996
4.189999999999996
4.189999999999996
4.189999999999996
4.189999999999996
4.199999999999996
4.199999999999996
4.199999999999996
4.199999999999996
4.199999999999996
4.2099999999999955
4.2099999999999955
4.2099999999999955
4.2099999999999955
4.219999999999995
4.219999999999995
4.219999999999995
4.219999999999995
4.219999999999995
4.229999999999995
4.229999999999995
4.229999999999995
4.229999999999995
4.229999999999995
4.239999999999995
4.239999999999995
4.239999999999995
4.239999999999995
4.249999999999995
2.9999999999999787
2.989999999999979
2.9699999999999793
2.9599999999999795
2.9499999999999797
2.92999999999998
2.9199999999999804
2.9099999999999806
2.899999999999981
2.8799999999999812
2.8699999999999815
2.8599999999999817
2.849999999999982
2.839999999999982
2.8199999999999825
2.8099999999999827
2.799999999999983
2.789999999999983
2.7799999999999834
2.7699999999999836
2.759999999999984
2.749999999999984
2.7399999999999842
2.7199999999999847
2.709999999999985
2.699999999999985
2.6899999999999853
2.6799999999999855
2.6699999999999857
2.659999999999986
2.649999999999986
2.6399999999999864
2.6299999999999866
2.619999999999987
2.609999999999987
2.599999999999987
2.5899999999999874
2.5799999999999876
2.569999999999988
2.559999999999988
2.5499999999999883
2.5399999999999885
2.5399999999999885
2.5299999999999887
2.519999999999989
2.509999999999989
2.4999999999999893
2.4899999999999896
2.4799999999999898
2.46999999999999
2.45999999999999
2.45999999999999
2.4499999999999904
2.4399999999999906
2.429999999999991
2.419999999999991
2.4099999999999913
2.4099999999999913
2.3999999999999915
2.3899999999999917
2.379999999999992
2.369999999999992
2.369999999999992
2.3599999999999923
2.3499999999999925
2.3399999999999928
2.329999999999993
2.329999999999993
2.319999999999993
2.3099999999999934
2.2999999999999936
2.2999999999999936
2.289999999999994
2.279999999999994
2.2699999999999942
2.2699999999999942
2.2599999999999945
2.2499999999999947
2.2499999999999947
2.239999999999995
2.239999999999995
2.2499999999999947
2.2499999999999947
2.2499999999999947
2.2499999999999947
2.2499999999999947
2.2499999999999947
2.2599999999999945
2.2599999999999945
2.2599999999999945
2.2599999999999945
2.2599999999999945
2.2599999999999945
2.2699999999999942
2.2699999999999942
2.2699999999999942
2.2699999999999942
2.2699999999999942
2.279999999999994
2.279999999999994
2.279999999999994
2.279999999999994
