Rendering took 9.937047958374023 milliseconds
0.1
0.1
0.1
0.1
0.1
0.1
0.1
0.1
0.1
0.1
0.1
0.1
0.1
0.1
0.1
0.1
0.1
0.1
0.1
0.1
0.1
0.1
0.1
0.1
0.1
0.1
0.1
0.1
0.1
0.1
0.1
0.1
0.1
0.1
0.1
0.1
0.1
0.1
0.1
0.1
0.1
0.1
0.1
0.1
0.1
0.1
0.1
0.1
0.1
0.1
0.1
0.1
0.1
0.1
0.1
0.1
0.1
0.1
0.1
0.1
0.1
0.1
0.1
0.1
0.1
0.1
0.1
0.1
0.1
0.1
0.1
0.1
0.1
0.1
0.1
0.1
0.1
0.1
0.1
0.1
0.1
0.1
0.1
0.1
0.1
0.1
0.1
0.1
0.1
0.1
0.1
0.1
0.1
0.1
0.1
0.1
0.1
0.1
0.1
0.1
0.1
0.1
0.1
0.1
0.1
0.1
0.1
0.1
0.1
0.1
0.1
0.1
0.1
0.1
0.1
0.1
0.1
0.1
0.1
0.1
0.1
0.1
0.1
0.1
0.1
0.1
0.1
0.1
0.1
0.1
0.1
0.1
0.1
0.1
0.1
0.1
0.1
0.1
0.1
0.1
0.1
0.1
0.1
0.1
0.1
0.1
0.1
0.1
0.1
0.1
0.1
0.1
0.1
0.1
0.1
0.1
0.1
0.1
0.1
0.1
0.1
0.1
0.1
0.1
0.1
0.1
0.1
0.1
0.1
0.1
0.1
0.1
0.1
0.1
0.1
0.1
0.1
0.1
0.1
0.1
0.1
0.1
0.1
0.1
0.1
0.1
0.1
0.1
0.1
0.1
0.1
0.1
0.1
0.1
0.1
0.1
0.1
0.1
0.1
0.1
0.1
0.1
0.1
0.1
0.1
0.1
0.1
0.1
0.1
0.1
0.1
0.1
0.1
0.1
0.1
0.1
0.1
0.1
0.1
0.1
0.1
0.1
0.1
0.1
0.1
0.1
0.1
0.1
0.1
0.1
0.1
0.1
0.1
0.1
0.1
0.1
0.1
0.1
0.1
0.1
0.1
0.1
0.1
0.1
0.1
0.1
0.1
0.1
0.1
0.1
0.1
0.1
0.1
0.1
0.1
0.1
0.1
0.1
0.1
0.1
0.1
0.1
0.1
0.1
0.1
0.1
0.1
0.1
0.1
0.1
0.1
0.1
0.1
0.1
0.1
0.1
0.1
0.1
0.1
0.1
0.1
0.1
0.1
0.1
0.1
0.1
0.1
0.1
0.1
0.1
0.1
0.1
0.1
0.1
0.1
0.1
0.1
0.1
0.1
0.1
0.1
0.1
0.1
0.1
0.1
0.1
0.1
0.1
0.1
0.1
0.1
0.1
0.1
0.1
0.1
0.1
0.1
0.1
0.1
0.1
4.000000000000002
4.100000000000001
4.100000000000001
4.100000000000001
4.100000000000001
4.100000000000001
4.100000000000001
4.100000000000001
4.100000000000001
4.100000000000001
4.100000000000001
4.100000000000001
4.100000000000001
4.100000000000001
4.100000000000001
4.100000000000001
4.100000000000001
4.100000000000001
4.100000000000001
4.100000000000001
4.100000000000001
4.100000000000001
4.100000000000001
4.100000000000001
4.100000000000001
4.100000000000001
4.100000000000001
4.100000000000001
4.100000000000001
4.100000000000001
4.100000000000001
4.100000000000001
4.100000000000001
4.100000000000001
4.100000000000001
4.100000000000001
4.100000000000001
4.100000000000001
4.100000000000001
4.100000000000001
4.100000000000001
4.100000000000001
4.100000000000001
4.100000000000001
4.100000000000001
4.100000000000001
4.100000000000001
4.100000000000001
4.100000000000001
4.100000000000001
4.100000000000001
4.100000000000001
4.100000000000001
4.100000000000001
4.100000000000001
4.100000000000001
4.100000000000001
4.100000000000001
4.100000000000001
4.100000000000001
4.100000000000001
4.100000000000001
4.100000000000001
4.100000000000001
4.100000000000001
4.100000000000001
4.100000000000001
4.100000000000001
4.100000000000001
4.100000000000001
4.100000000000001
4.100000000000001
4.100000000000001
4.100000000000001
4.100000000000001
4.100000000000001
4.100000000000001
4.100000000000001
4.100000000000001
4.100000000000001
4.100000000000001
4.100000000000001
4.100000000000001
4.100000000000001
4.100000000000001
4.100000000000001
4.100000000000001
4.100000000000001
4.100000000000001
4.100000000000001
4.100000000000001
4.100000000000001
4.100000000000001
4.100000000000001
4.100000000000001
4.100000000000001
4.100000000000001
4.100000000000001
4.100000000000001
4.100000000000001
4.100000000000001
4.100000000000001
4.100000000000001
4.100000000000001
4.100000000000001
4.100000000000001
4.100000000000001
4.100000000000001
4.100000000000001
4.100000000000001
4.100000000000001
4.100000000000001
4.100000000000001
4.100000000000001
4.100000000000001
4.100000000000001
4.100000000000001
4.100000000000001
4.100000000000001
4.100000000000001
4.100000000000001
4.100000000000001
4.100000000000001
4.100000000000001
4.100000000000001
4.100000000000001
4.100000000000001
4.100000000000001
4.100000000000001
4.100000000000001
4.100000000000001
4.100000000000001
4.100000000000001
4.100000000000001
4.100000000000001
4.100000000000001
4.100000000000001
4.100000000000001
4.100000000000001
4.100000000000001
4.100000000000001
4.100000000000001
4.200000000000001
4.200000000000001
4.200000000000001
4.200000000000001
4.200000000000001
4.200000000000001
4.200000000000001
4.200000000000001
4.200000000000001
4.200000000000001
4.200000000000001
4.200000000000001
4.200000000000001
4.200000000000001
4.200000000000001
4.200000000000001
4.200000000000001
4.200000000000001
4.200000000000001
4.200000000000001
4.200000000000001
4.200000000000001
4.200000000000001
4.200000000000001
4.200000000000001
4.200000000000001
4.200000000000001
4.200000000000001
4.200000000000001
4.200000000000001
4.200000000000001
4.200000000000001
4.200000000000001
4.200000000000001
4.200000000000001
4.200000000000001
4.200000000000001
4.200000000000001
4.200000000000001
4.200000000000001
4.200000000000001
4.200000000000001
4.200000000000001
4.200000000000001
4.200000000000001
4.200000000000001
4.200000000000001
4.200000000000001
4.200000000000001
4.200000000000001
4.200000000000001
4.200000000000001
4.200000000000001
4.200000000000001
4.200000000000001
4.200000000000001
4.200000000000001
4.300000000000001
4.300000000000001
4.300000000000001
4.300000000000001
4.300000000000001
4.300000000000001
4.300000000000001
4.300000000000001
4.300000000000001
4.300000000000001
4.300000000000001
4.300000000000001
3.1000000000000014
3.1000000000000014
3.1000000000000014
3.1000000000000014
3.1000000000000014
3.1000000000000014
3.1000000000000014
3.0000000000000013
3.0000000000000013
3.0000000000000013
3.0000000000000013
3.0000000000000013
3.0000000000000013
3.0000000000000013
3.0000000000000013
2.9000000000000012
2.9000000000000012
2.9000000000000012
2.9000000000000012
2.9000000000000012
2.9000000000000012
2.9000000000000012
2.9000000000000012
2.800000000000001
2.800000000000001
2.800000000000001
2.800000000000001
2.800000000000001
2.800000000000001
2.800000000000001
2.800000000000001
2.800000000000001
2.700000000000001
2.700000000000001
2.700000000000001
2.700000000000001
2.700000000000001
2.700000000000001
2.700000000000001
2.700000000000001
2.700000000000001
2.700000000000001
2.600000000000001
2.600000000000001
2.600000000000001
2.600000000000001
2.600000000000001
2.600000000000001
2.600000000000001
2.600000000000001
2.600000000000001
2.600000000000001
2.600000000000001
2.500000000000001
2.500000000000001
2.500000000000001
2.500000000000001
2.500000000000001
2.500000000000001
2.500000000000001
2.500000000000001
2.500000000000001
2.500000000000001
2.500000000000001
2.500000000000001
2.400000000000001
2.400000000000001
2.400000000000001
2.400000000000001
2.400000000000001
2.400000000000001
2.400000000000001
2.400000000000001
2.400000000000001
2.400000000000001
2.400000000000001
2.400000000000001
2.3000000000000007
2.3000000000000007
2.3000000000000007
2.3000000000000007
2.3000000000000007
2.3000000000000007
2.3000000000000007
2.3000000000000007
2.3000000000000007
2.3000000000000007
2.3000000000000007
2.3000000000000007
2.3000000000000007
2.3000000000000007
2.3000000000000007
2.3000000000000007
2.3000000000000007
2.3000000000000007
2.3000000000000007
2.3000000000000007
2.3000000000000007
2.3000000000000007
2.3000000000000007
2.3000000000000007
2.3000000000000007
2.3000000000000007
2.3000000000000007
2.3000000000000007
2.3000000000000007
2.3000000000000007
2.3000000000000007
2.3000000000000007
